1 7601.56
2 8324.22
3 8557.29
4 8675.78
5 8746.88
6 8795.57
7 8830.36
8 8855.47
9 8875
10 8890.62
11 8903.41
12 8914.71
13 8923.68
14 8931.36
15 8938.02
16 8943.85
17 8949.45
18 8953.99
19 8958.06
20 8961.72
21 8965.4
22 8968.39
23 8971.13
24 8973.96
25 8976.25
26 8978.37
27 8980.32
28 8982.42
29 8984.11
30 8985.68
31 8987.15
32 8988.53
33 8990.06
34 8991.27
35 8992.41
36 8993.71
37 8994.72
38 8995.68
39 8996.59
40 8997.66
41 8998.48
42 8999.26
43 9000
44 9000.71
45 9001.56
46 9002.21
47 9002.83
48 9003.58
49 9004.15
50 9004.69
51 9005.21
52 9005.86
53 9006.34
54 9006.8
55 9007.24
56 9007.81
57 9008.22
58 9008.62
59 9009
60 9009.51
